{
  "nbformat": 4,
  "nbformat_minor": 0,
  "metadata": {
    "colab": {
      "provenance": [],
      "authorship_tag": "ABX9TyNVLDHnV2eEmBquX2xM4KvG",
      "include_colab_link": true
    },
    "kernelspec": {
      "name": "python3",
      "display_name": "Python 3"
    },
    "language_info": {
      "name": "python"
    }
  },
  "cells": [
    {
      "cell_type": "markdown",
      "metadata": {
        "id": "view-in-github",
        "colab_type": "text"
      },
      "source": [
        "<a href=\"https://colab.research.google.com/github/JavlonbekMirgaziev/data_science/blob/main/Transposing_and_Swapping.ipynb\" target=\"_parent\"><img src=\"https://colab.research.google.com/assets/colab-badge.svg\" alt=\"Open In Colab\"/></a>"
      ]
    },
    {
      "cell_type": "code",
      "source": [
        "import numpy as np"
      ],
      "metadata": {
        "id": "A9f8yieMzqc6"
      },
      "execution_count": 1,
      "outputs": []
    },
    {
      "cell_type": "code",
      "source": [
        "A = np.arange(6).reshape(3,2)"
      ],
      "metadata": {
        "id": "Z91q00xHzsyL"
      },
      "execution_count": 6,
      "outputs": []
    },
    {
      "cell_type": "code",
      "source": [
        "A"
      ],
      "metadata": {
        "colab": {
          "base_uri": "https://localhost:8080/"
        },
        "id": "ooa9yjItzvwj",
        "outputId": "ff1e27f1-b4ba-4c40-bae0-f4dc91a74ac6"
      },
      "execution_count": 7,
      "outputs": [
        {
          "output_type": "execute_result",
          "data": {
            "text/plain": [
              "array([[0, 1],\n",
              "       [2, 3],\n",
              "       [4, 5]])"
            ]
          },
          "metadata": {},
          "execution_count": 7
        }
      ]
    },
    {
      "cell_type": "code",
      "source": [
        "A.T"
      ],
      "metadata": {
        "colab": {
          "base_uri": "https://localhost:8080/"
        },
        "id": "vzleheZ9zwiA",
        "outputId": "e9be29c8-6128-4ab9-b486-a616d9e647c4"
      },
      "execution_count": 8,
      "outputs": [
        {
          "output_type": "execute_result",
          "data": {
            "text/plain": [
              "array([[0, 2, 4],\n",
              "       [1, 3, 5]])"
            ]
          },
          "metadata": {},
          "execution_count": 8
        }
      ]
    },
    {
      "cell_type": "code",
      "source": [
        "B = np.arange(100).reshape(10,10)\n",
        "B"
      ],
      "metadata": {
        "colab": {
          "base_uri": "https://localhost:8080/"
        },
        "id": "1AuW3V3mz9vq",
        "outputId": "c6bd9aaa-2398-4ead-8f57-41e0ddf5dc9b"
      },
      "execution_count": 18,
      "outputs": [
        {
          "output_type": "execute_result",
          "data": {
            "text/plain": [
              "array([[ 0,  1,  2,  3,  4,  5,  6,  7,  8,  9],\n",
              "       [10, 11, 12, 13, 14, 15, 16, 17, 18, 19],\n",
              "       [20, 21, 22, 23, 24, 25, 26, 27, 28, 29],\n",
              "       [30, 31, 32, 33, 34, 35, 36, 37, 38, 39],\n",
              "       [40, 41, 42, 43, 44, 45, 46, 47, 48, 49],\n",
              "       [50, 51, 52, 53, 54, 55, 56, 57, 58, 59],\n",
              "       [60, 61, 62, 63, 64, 65, 66, 67, 68, 69],\n",
              "       [70, 71, 72, 73, 74, 75, 76, 77, 78, 79],\n",
              "       [80, 81, 82, 83, 84, 85, 86, 87, 88, 89],\n",
              "       [90, 91, 92, 93, 94, 95, 96, 97, 98, 99]])"
            ]
          },
          "metadata": {},
          "execution_count": 18
        }
      ]
    },
    {
      "cell_type": "code",
      "source": [
        "B.T"
      ],
      "metadata": {
        "colab": {
          "base_uri": "https://localhost:8080/"
        },
        "id": "9Z5Vh70k0G5F",
        "outputId": "f734c698-37a8-4438-f4a1-f123b49e6a6e"
      },
      "execution_count": 19,
      "outputs": [
        {
          "output_type": "execute_result",
          "data": {
            "text/plain": [
              "array([[ 0, 10, 20, 30, 40, 50, 60, 70, 80, 90],\n",
              "       [ 1, 11, 21, 31, 41, 51, 61, 71, 81, 91],\n",
              "       [ 2, 12, 22, 32, 42, 52, 62, 72, 82, 92],\n",
              "       [ 3, 13, 23, 33, 43, 53, 63, 73, 83, 93],\n",
              "       [ 4, 14, 24, 34, 44, 54, 64, 74, 84, 94],\n",
              "       [ 5, 15, 25, 35, 45, 55, 65, 75, 85, 95],\n",
              "       [ 6, 16, 26, 36, 46, 56, 66, 76, 86, 96],\n",
              "       [ 7, 17, 27, 37, 47, 57, 67, 77, 87, 97],\n",
              "       [ 8, 18, 28, 38, 48, 58, 68, 78, 88, 98],\n",
              "       [ 9, 19, 29, 39, 49, 59, 69, 79, 89, 99]])"
            ]
          },
          "metadata": {},
          "execution_count": 19
        }
      ]
    },
    {
      "cell_type": "code",
      "source": [
        "A"
      ],
      "metadata": {
        "colab": {
          "base_uri": "https://localhost:8080/"
        },
        "id": "DmgEVrq50j1R",
        "outputId": "8e7dc3f5-8b4d-457d-f6bb-6c5606b4bca9"
      },
      "execution_count": 20,
      "outputs": [
        {
          "output_type": "execute_result",
          "data": {
            "text/plain": [
              "array([[0, 1],\n",
              "       [2, 3],\n",
              "       [4, 5]])"
            ]
          },
          "metadata": {},
          "execution_count": 20
        }
      ]
    },
    {
      "cell_type": "code",
      "source": [
        "A.swapaxes(1,0)"
      ],
      "metadata": {
        "colab": {
          "base_uri": "https://localhost:8080/"
        },
        "id": "Gisy7PYM07Xo",
        "outputId": "06fdd108-cd15-4225-8399-b916038cb456"
      },
      "execution_count": 21,
      "outputs": [
        {
          "output_type": "execute_result",
          "data": {
            "text/plain": [
              "array([[0, 2, 4],\n",
              "       [1, 3, 5]])"
            ]
          },
          "metadata": {},
          "execution_count": 21
        }
      ]
    },
    {
      "cell_type": "code",
      "source": [
        "B"
      ],
      "metadata": {
        "colab": {
          "base_uri": "https://localhost:8080/"
        },
        "id": "yDKtUMxG1FTw",
        "outputId": "f8477150-854e-4c74-a201-be08b8c8b362"
      },
      "execution_count": 22,
      "outputs": [
        {
          "output_type": "execute_result",
          "data": {
            "text/plain": [
              "array([[ 0,  1,  2,  3,  4,  5,  6,  7,  8,  9],\n",
              "       [10, 11, 12, 13, 14, 15, 16, 17, 18, 19],\n",
              "       [20, 21, 22, 23, 24, 25, 26, 27, 28, 29],\n",
              "       [30, 31, 32, 33, 34, 35, 36, 37, 38, 39],\n",
              "       [40, 41, 42, 43, 44, 45, 46, 47, 48, 49],\n",
              "       [50, 51, 52, 53, 54, 55, 56, 57, 58, 59],\n",
              "       [60, 61, 62, 63, 64, 65, 66, 67, 68, 69],\n",
              "       [70, 71, 72, 73, 74, 75, 76, 77, 78, 79],\n",
              "       [80, 81, 82, 83, 84, 85, 86, 87, 88, 89],\n",
              "       [90, 91, 92, 93, 94, 95, 96, 97, 98, 99]])"
            ]
          },
          "metadata": {},
          "execution_count": 22
        }
      ]
    },
    {
      "cell_type": "code",
      "source": [
        "B.swapaxes(1,0)"
      ],
      "metadata": {
        "colab": {
          "base_uri": "https://localhost:8080/"
        },
        "id": "EYtSmsS31HAx",
        "outputId": "141a9606-e91f-457a-f3a0-82ca2efad1a8"
      },
      "execution_count": 23,
      "outputs": [
        {
          "output_type": "execute_result",
          "data": {
            "text/plain": [
              "array([[ 0, 10, 20, 30, 40, 50, 60, 70, 80, 90],\n",
              "       [ 1, 11, 21, 31, 41, 51, 61, 71, 81, 91],\n",
              "       [ 2, 12, 22, 32, 42, 52, 62, 72, 82, 92],\n",
              "       [ 3, 13, 23, 33, 43, 53, 63, 73, 83, 93],\n",
              "       [ 4, 14, 24, 34, 44, 54, 64, 74, 84, 94],\n",
              "       [ 5, 15, 25, 35, 45, 55, 65, 75, 85, 95],\n",
              "       [ 6, 16, 26, 36, 46, 56, 66, 76, 86, 96],\n",
              "       [ 7, 17, 27, 37, 47, 57, 67, 77, 87, 97],\n",
              "       [ 8, 18, 28, 38, 48, 58, 68, 78, 88, 98],\n",
              "       [ 9, 19, 29, 39, 49, 59, 69, 79, 89, 99]])"
            ]
          },
          "metadata": {},
          "execution_count": 23
        }
      ]
    },
    {
      "cell_type": "code",
      "source": [
        "A"
      ],
      "metadata": {
        "colab": {
          "base_uri": "https://localhost:8080/"
        },
        "id": "Te_BnSuI1M8T",
        "outputId": "020ef70c-bab4-417e-cb02-00a1ab7517c2"
      },
      "execution_count": 24,
      "outputs": [
        {
          "output_type": "execute_result",
          "data": {
            "text/plain": [
              "array([[0, 1],\n",
              "       [2, 3],\n",
              "       [4, 5]])"
            ]
          },
          "metadata": {},
          "execution_count": 24
        }
      ]
    },
    {
      "cell_type": "code",
      "source": [
        "np.dot(A,A.T)"
      ],
      "metadata": {
        "colab": {
          "base_uri": "https://localhost:8080/"
        },
        "id": "QMvOQjlJ1h7W",
        "outputId": "74f183f5-9da2-407b-d648-60b73037601d"
      },
      "execution_count": 25,
      "outputs": [
        {
          "output_type": "execute_result",
          "data": {
            "text/plain": [
              "array([[ 1,  3,  5],\n",
              "       [ 3, 13, 23],\n",
              "       [ 5, 23, 41]])"
            ]
          },
          "metadata": {},
          "execution_count": 25
        }
      ]
    },
    {
      "cell_type": "code",
      "source": [
        "B"
      ],
      "metadata": {
        "colab": {
          "base_uri": "https://localhost:8080/"
        },
        "id": "drpYYG431nIF",
        "outputId": "d5f05e5b-6c99-4a82-df37-a12ae9b86b21"
      },
      "execution_count": 26,
      "outputs": [
        {
          "output_type": "execute_result",
          "data": {
            "text/plain": [
              "array([[ 0,  1,  2,  3,  4,  5,  6,  7,  8,  9],\n",
              "       [10, 11, 12, 13, 14, 15, 16, 17, 18, 19],\n",
              "       [20, 21, 22, 23, 24, 25, 26, 27, 28, 29],\n",
              "       [30, 31, 32, 33, 34, 35, 36, 37, 38, 39],\n",
              "       [40, 41, 42, 43, 44, 45, 46, 47, 48, 49],\n",
              "       [50, 51, 52, 53, 54, 55, 56, 57, 58, 59],\n",
              "       [60, 61, 62, 63, 64, 65, 66, 67, 68, 69],\n",
              "       [70, 71, 72, 73, 74, 75, 76, 77, 78, 79],\n",
              "       [80, 81, 82, 83, 84, 85, 86, 87, 88, 89],\n",
              "       [90, 91, 92, 93, 94, 95, 96, 97, 98, 99]])"
            ]
          },
          "metadata": {},
          "execution_count": 26
        }
      ]
    },
    {
      "cell_type": "code",
      "source": [
        "np.dot(B,B.T)"
      ],
      "metadata": {
        "colab": {
          "base_uri": "https://localhost:8080/"
        },
        "id": "8j7JpKX91odl",
        "outputId": "c813d30c-ec2b-4d86-d53f-33b9bbf160cb"
      },
      "execution_count": 28,
      "outputs": [
        {
          "output_type": "execute_result",
          "data": {
            "text/plain": [
              "array([[  285,   735,  1185,  1635,  2085,  2535,  2985,  3435,  3885,\n",
              "         4335],\n",
              "       [  735,  2185,  3635,  5085,  6535,  7985,  9435, 10885, 12335,\n",
              "        13785],\n",
              "       [ 1185,  3635,  6085,  8535, 10985, 13435, 15885, 18335, 20785,\n",
              "        23235],\n",
              "       [ 1635,  5085,  8535, 11985, 15435, 18885, 22335, 25785, 29235,\n",
              "        32685],\n",
              "       [ 2085,  6535, 10985, 15435, 19885, 24335, 28785, 33235, 37685,\n",
              "        42135],\n",
              "       [ 2535,  7985, 13435, 18885, 24335, 29785, 35235, 40685, 46135,\n",
              "        51585],\n",
              "       [ 2985,  9435, 15885, 22335, 28785, 35235, 41685, 48135, 54585,\n",
              "        61035],\n",
              "       [ 3435, 10885, 18335, 25785, 33235, 40685, 48135, 55585, 63035,\n",
              "        70485],\n",
              "       [ 3885, 12335, 20785, 29235, 37685, 46135, 54585, 63035, 71485,\n",
              "        79935],\n",
              "       [ 4335, 13785, 23235, 32685, 42135, 51585, 61035, 70485, 79935,\n",
              "        89385]])"
            ]
          },
          "metadata": {},
          "execution_count": 28
        }
      ]
    },
    {
      "cell_type": "code",
      "source": [
        "C = np.arange(50).reshape(10,5)\n",
        "C"
      ],
      "metadata": {
        "colab": {
          "base_uri": "https://localhost:8080/"
        },
        "id": "BBKVHRqg1s73",
        "outputId": "e689f605-2139-49df-8b6a-4393409cf551"
      },
      "execution_count": 35,
      "outputs": [
        {
          "output_type": "execute_result",
          "data": {
            "text/plain": [
              "array([[ 0,  1,  2,  3,  4],\n",
              "       [ 5,  6,  7,  8,  9],\n",
              "       [10, 11, 12, 13, 14],\n",
              "       [15, 16, 17, 18, 19],\n",
              "       [20, 21, 22, 23, 24],\n",
              "       [25, 26, 27, 28, 29],\n",
              "       [30, 31, 32, 33, 34],\n",
              "       [35, 36, 37, 38, 39],\n",
              "       [40, 41, 42, 43, 44],\n",
              "       [45, 46, 47, 48, 49]])"
            ]
          },
          "metadata": {},
          "execution_count": 35
        }
      ]
    },
    {
      "cell_type": "code",
      "source": [
        "C.T"
      ],
      "metadata": {
        "colab": {
          "base_uri": "https://localhost:8080/"
        },
        "id": "GbEUNOfC15Ib",
        "outputId": "958746d9-eb80-4077-be30-26d58786d031"
      },
      "execution_count": 44,
      "outputs": [
        {
          "output_type": "execute_result",
          "data": {
            "text/plain": [
              "array([[ 0,  5, 10, 15, 20, 25, 30, 35, 40, 45],\n",
              "       [ 1,  6, 11, 16, 21, 26, 31, 36, 41, 46],\n",
              "       [ 2,  7, 12, 17, 22, 27, 32, 37, 42, 47],\n",
              "       [ 3,  8, 13, 18, 23, 28, 33, 38, 43, 48],\n",
              "       [ 4,  9, 14, 19, 24, 29, 34, 39, 44, 49]])"
            ]
          },
          "metadata": {},
          "execution_count": 44
        }
      ]
    },
    {
      "cell_type": "code",
      "source": [
        "np.dot(C,C.T)"
      ],
      "metadata": {
        "colab": {
          "base_uri": "https://localhost:8080/"
        },
        "id": "NErCsKsy3H8P",
        "outputId": "cf246c4a-d3e0-42cc-c070-c3b849bec773"
      },
      "execution_count": 45,
      "outputs": [
        {
          "output_type": "execute_result",
          "data": {
            "text/plain": [
              "array([[   30,    80,   130,   180,   230,   280,   330,   380,   430,\n",
              "          480],\n",
              "       [   80,   255,   430,   605,   780,   955,  1130,  1305,  1480,\n",
              "         1655],\n",
              "       [  130,   430,   730,  1030,  1330,  1630,  1930,  2230,  2530,\n",
              "         2830],\n",
              "       [  180,   605,  1030,  1455,  1880,  2305,  2730,  3155,  3580,\n",
              "         4005],\n",
              "       [  230,   780,  1330,  1880,  2430,  2980,  3530,  4080,  4630,\n",
              "         5180],\n",
              "       [  280,   955,  1630,  2305,  2980,  3655,  4330,  5005,  5680,\n",
              "         6355],\n",
              "       [  330,  1130,  1930,  2730,  3530,  4330,  5130,  5930,  6730,\n",
              "         7530],\n",
              "       [  380,  1305,  2230,  3155,  4080,  5005,  5930,  6855,  7780,\n",
              "         8705],\n",
              "       [  430,  1480,  2530,  3580,  4630,  5680,  6730,  7780,  8830,\n",
              "         9880],\n",
              "       [  480,  1655,  2830,  4005,  5180,  6355,  7530,  8705,  9880,\n",
              "        11055]])"
            ]
          },
          "metadata": {},
          "execution_count": 45
        }
      ]
    },
    {
      "cell_type": "code",
      "source": [],
      "metadata": {
        "id": "PbC0Rbms3Lrl"
      },
      "execution_count": null,
      "outputs": []
    }
  ]
}